351
0 8
0 10
0 12
0 14
0 16
0 17
0 20
0 24
0 33
0 34
0 35
1 0
1 11
1 12
1 14
1 15
1 18
1 20
1 26
1 31
1 32
2 0
2 1
2 32
3 10
3 12
3 20
3 25
3 29
3 30
3 35
4 12
4 14
4 16
4 17
4 18
4 22
4 23
4 31
4 33
5 4
5 6
5 14
5 16
5 17
5 20
5 21
5 23
5 26
5 31
6 8
6 21
6 27
6 37
7 13
7 14
7 15
7 27
7 29
7 36
7 38
7 39
8 8
8 16
8 17
8 19
8 21
8 27
8 32
8 36
8 38
8 39
9 5
9 18
9 19
9 23
9 34
10 3
10 9
10 13
10 26
10 27
10 28
10 31
10 32
11 0
11 12
11 15
11 16
11 21
11 23
11 25
11 28
11 29
11 34
12 3
12 8
12 9
12 11
12 13
12 15
12 17
12 19
12 22
12 24
12 37
13 0
13 1
13 5
13 14
13 16
13 19
13 21
13 23
13 32
13 33
14 1
14 15
14 19
14 25
14 32
14 33
14 35
14 38
15 17
15 19
15 21
15 22
15 34
15 36
15 38
16 8
16 11
16 16
16 22
16 24
16 29
16 33
16 35
17 3
17 9
17 11
17 12
17 13
17 17
17 18
17 19
17 20
17 23
17 39
18 2
18 8
18 16
18 21
18 22
18 23
18 29
18 32
18 36
19 3
19 10
19 15
19 23
20 4
20 6
20 13
20 16
20 17
20 18
20 19
20 26
20 29
20 32
20 37
21 1
21 14
21 15
21 16
21 19
21 23
21 24
21 28
22 2
22 7
22 9
22 25
22 26
22 29
22 34
23 4
23 9
23 13
23 16
23 18
23 19
23 22
23 23
23 36
23 37
23 38
24 3
24 4
24 6
24 11
24 21
24 22
25 7
25 17
25 20
25 25
25 28
25 37
26 8
26 16
26 20
26 29
26 30
27 4
27 8
27 9
27 12
27 16
27 17
27 20
27 22
27 23
27 25
27 33
27 35
27 36
28 1
28 5
28 6
28 7
28 9
28 13
28 15
28 22
28 23
28 25
28 27
28 32
28 39
29 8
29 20
29 23
29 26
29 39
30 7
30 10
30 11
30 15
30 17
30 20
30 22
30 29
30 33
30 36
30 38
31 3
31 7
31 8
31 9
31 10
31 19
31 23
31 24
31 30
31 32
32 0
32 5
32 6
32 7
32 9
32 11
32 12
32 16
32 17
32 19
32 22
32 28
32 32
32 34
32 36
33 2
33 3
33 4
33 5
33 16
33 17
33 20
33 23
33 27
33 33
33 39
34 2
34 3
34 4
34 7
34 16
34 19
34 29
34 34
35 3
35 4
35 5
35 6
35 7
35 8
35 9
35 10
35 11
35 12
35 13
35 14
35 15
35 23
35 24
35 30
35 32
35 33
36 2
36 5
36 13
36 16
36 19
36 25
36 32
36 34
36 38
36 39
37 1
37 4
37 6
37 12
37 15
37 16
37 17
37 32
38 2
38 7
38 12
38 14
38 17
38 21
38 28
39 5
39 16
39 24
39 25
39 36
